
        Page No.     1
        07/09/2014
                      SBTC - SUMMARY OF BLOCK - PERSONAL

            RUSH, CANCELLED AND HOLD PRINT JOBS SHOULD ALWAYS HAVE
                   AN ATTACHED MEMO OR EMAIL FROM THE BANK!!!

        BLOCK RT_NO     M ACCT_NO         START_NO.  END_NO.
 
       ** BLOCK   1
            1 010140015   000000052980    2121401    2121450 
            1 010140015   000000052980    2121451    2121500 
            1 010140015   061229072001    2121501    2121550 
            1 010140015   061229072001    2121551    2121600 
 
       ** BLOCK   2
            2 010140015   061229072001    2121601    2121650 
            2 010140015   061229072001    2121651    2121700 
            2 010140015   061229072001    2121701    2121750 
            2 010140015   061229072001    2121751    2121800 
 
       ** BLOCK   3
            3 010140015   061567341002    2121801    2121850 
            3 010140044   000000337659    0643501    0643550 
            3 010140044   000001440033    0643551    0643600 
            3 010140044   000001440033    0643601    0643650 
 
       ** BLOCK   4
            4 010140044   161478374076    0643651    0643700 
            4 010140044   161478374162    0643701    0643750 
            4 010140044   161525001046    0643751    0643800 
            4 010140044   161525001115    0643801    0643850 
 
       ** BLOCK   5
            5 010140044   161525001115    0643851    0643900 
            5 010140057   281405220002    0580451    0580500 
            5 010140073   111386485182    0959151    0959200 
            5 010140073   111412858042    0959201    0959250 
 
       ** BLOCK   6
            6 010140073   111412858042    0959251    0959300 
            6 010140073   111692067001    0959301    0959350 
            6 010140073   111692067001    0959351    0959400 
            6 010140086   011487539001    1132151    1132200 
 
       ** BLOCK   7
            7 010140086   011487539001    1132201    1132250 
            7 010140086   011487539001    1132251    1132300 
            7 010140086   011496074002    1132301    1132350 
            7 010140086   011529457001    1132351    1132400 
 
       ** BLOCK   8
            8 010140086   011529457001    1132401    1132450 
            8 010140086   011529457001    1132451    1132500 
            8 010140086   011529457001    1132501    1132550 
            8 010140086   011529457001    1132551    1132600 


        Page No.     2
        07/09/2014
                      SBTC - SUMMARY OF BLOCK - PERSONAL

            RUSH, CANCELLED AND HOLD PRINT JOBS SHOULD ALWAYS HAVE
                   AN ATTACHED MEMO OR EMAIL FROM THE BANK!!!

        BLOCK RT_NO     M ACCT_NO         START_NO.  END_NO.
 
       ** BLOCK   9
            9 010140086   011686506001    1132601    1132650 
            9 010140086   011686506001    1132651    1132700 
            9 010140086   011718088001    1132701    1132750 
            9 010140109   000000993400    1157251    1157300 
 
       ** BLOCK   10
           10 010140125   000000057101    0434351    0434400 
           10 010140138   000000106505    0519551    0519600 
           10 010140138   000000106505    0519601    0519650 
           10 010140138   000000792121    0519651    0519700 
 
       ** BLOCK   11
           11 010140138   000001412708    0519701    0519750 
           11 010140138   000001412731    0519751    0519800 
           11 010140138   201502664001    0519801    0519850 
           11 010140138   201502664001    0519851    0519900 
 
       ** BLOCK   12
           12 010140167   000000237687    0602501    0602550 
           12 010140167   000000237687    0602551    0602600 
           12 010140167   271007151001    0602601    0602650 
           12 010140167   271007151001    0602651    0602700 
 
       ** BLOCK   13
           13 010140167   271007151001    0602701    0602750 
           13 010140167   271007151001    0602751    0602800 
           13 010140167   271007151001    0602801    0602850 
           13 010140167   271007151001    0602851    0602900 
 
       ** BLOCK   14
           14 010140167   271007151001    0602901    0602950 
           14 010140167   271007151001    0602951    0603000 
           14 010140167   271007151001    0603001    0603050 
           14 010140167   271007151001    0603051    0603100 
 
       ** BLOCK   15
           15 010140167   271007151001    0603101    0603150 
           15 010140167   271007151001    0603151    0603200 
           15 010140167   271007151001    0603201    0603250 
           15 010140167   271007151001    0603251    0603300 
 
       ** BLOCK   16
           16 010140167   271007151001    0603301    0603350 
           16 010140167   271007151001    0603351    0603400 
           16 010140167   271007151001    0603401    0603450 
           16 010140167   271007151001    0603451    0603500 


        Page No.     3
        07/09/2014
                      SBTC - SUMMARY OF BLOCK - PERSONAL

            RUSH, CANCELLED AND HOLD PRINT JOBS SHOULD ALWAYS HAVE
                   AN ATTACHED MEMO OR EMAIL FROM THE BANK!!!

        BLOCK RT_NO     M ACCT_NO         START_NO.  END_NO.
 
       ** BLOCK   17
           17 010140167   271007151001    0603501    0603550 
           17 010140167   271007151001    0603551    0603600 
           17 010140167   271007151001    0603601    0603650 
           17 010140167   271007151001    0603651    0603700 
 
       ** BLOCK   18
           18 010140167   271007151001    0603701    0603750 
           18 010140167   271007151001    0603751    0603800 
           18 010140167   271007151001    0603801    0603850 
           18 010140167   271186213001    0603851    0603900 
 
       ** BLOCK   19
           19 010140167   271186213001    0603901    0603950 
           19 010140167   271192170001    0603951    0604000 
           19 010140167   271192170001    0604001    0604050 
           19 010140167   271192170001    0604051    0604100 
 
       ** BLOCK   20
           20 010140167   271192170001    0604101    0604150 
           20 010140167   271192170001    0604151    0604200 
           20 010140167   271192170001    0604201    0604250 
           20 010140167   271192170001    0604251    0604300 
 
       ** BLOCK   21
           21 010140167   271192170001    0604301    0604350 
           21 010140167   271192170001    0604351    0604400 
           21 010140167   271192170001    0604401    0604450 
           21 010140167   271338381001    0604451    0604500 
 
       ** BLOCK   22
           22 010140170   000000890535    0648451    0648500 
           22 010140170   000000979280    0648501    0648550 
           22 010140170   041024130001    0648551    0648600 
           22 010140170   041024130001    0648601    0648650 
 
       ** BLOCK   23
           23 010140170   041024130001    0648651    0648700 
           23 010140170   041024130001    0648701    0648750 
           23 010140170   041024130001    0648751    0648800 
           23 010140196   000001844577    0347251    0347300 
 
       ** BLOCK   24
           24 010140206   351009385001    0533501    0533550 
           24 010140206   351009385001    0533551    0533600 
           24 010140206   351009385001    0533601    0533650 
           24 010140206   351009385001    0533651    0533700 


        Page No.     4
        07/09/2014
                      SBTC - SUMMARY OF BLOCK - PERSONAL

            RUSH, CANCELLED AND HOLD PRINT JOBS SHOULD ALWAYS HAVE
                   AN ATTACHED MEMO OR EMAIL FROM THE BANK!!!

        BLOCK RT_NO     M ACCT_NO         START_NO.  END_NO.
 
       ** BLOCK   25
           25 010140206   351009385001    0533701    0533750 
           25 010140206   351328741002    0533751    0533800 
           25 010140206   351328741002    0533801    0533850 
           25 010140206   351328741002    0533851    0533900 
 
       ** BLOCK   26
           26 010140206   351328741002    0533901    0533950 
           26 010140206   351328741002    0533951    0534000 
           26 010140206   351473341001    0534001    0534050 
           26 010140248   000001099732    0732201    0732250 
 
       ** BLOCK   27
           27 010140248   331016848002    0732251    0732300 
           27 010140248   331020937001    0732301    0732350 
           27 010140248   331020937001    0732351    0732400 
           27 010140248   331020937001    0732401    0732450 
 
       ** BLOCK   28
           28 010140248   331291927001    0732451    0732500 
           28 010140248   331291927001    0732501    0732550 
           28 010140248   331291927001    0732551    0732600 
           28 010140248   331291927001    0732601    0732650 
 
       ** BLOCK   29
           29 010140248   331291927001    0732651    0732700 
           29 010140248   331367035001    0732701    0732750 
           29 010140248   331478374189    0732751    0732800 
           29 010140248   331478374189    0732801    0732850 
 
       ** BLOCK   30
           30 010140248   331520766027    0732851    0732900 
           30 010140248   331520766033    0732901    0732950 
           30 010140248   331546994001    0732951    0733000 
           30 010140248   331571192001    0733001    0733050 
 
       ** BLOCK   31
           31 010140248   331571192001    0733051    0733100 
           31 010140248   331571192001    0733101    0733150 
           31 010140248   331571192001    0733151    0733200 
           31 010140248   331750722001    0733201    0733250 
 
       ** BLOCK   32
           32 010140251   000002163840    0512101    0512150 
           32 010140277   000000360956    0683651    0683700 
           32 010140277   000001570781    0683701    0683750 
           32 010140293   000000859678    0624901    0624950 


        Page No.     5
        07/09/2014
                      SBTC - SUMMARY OF BLOCK - PERSONAL

            RUSH, CANCELLED AND HOLD PRINT JOBS SHOULD ALWAYS HAVE
                   AN ATTACHED MEMO OR EMAIL FROM THE BANK!!!

        BLOCK RT_NO     M ACCT_NO         START_NO.  END_NO.
 
       ** BLOCK   33
           33 010140293   000000859929    0624951    0625000 
           33 010140303   441241050001    0538551    0538600 
           33 010140303   441241050001    0538601    0538650 
           33 010140303   441241050001    0538651    0538700 
 
       ** BLOCK   34
           34 010140332   000001646631    0602791    0602840 
           34 010140332   000001646631    0602841    0602890 
           34 010140332   000001646868    0602891    0602940 
           34 010140332   471365878001    0602941    0602990 
 
       ** BLOCK   35
           35 010140332   471365878001    0602991    0603040 
           35 010140332   471478374055    0603041    0603090 
           35 010140345   521329789002    1542101    1542150 
           35 010140345   521329789002    1542151    1542200 
 
       ** BLOCK   36
           36 010140426   000000156778    0672981    0673030 
           36 010140426   000000156778    0673031    0673080 
           36 010140426   000000550172    0673081    0673130 
           36 010140426   000001725297    0673131    0673180 
 
       ** BLOCK   37
           37 010140426   611005270001    0673181    0673230 
           37 010140426   611005270001    0673231    0673280 
           37 010140426   611005270001    0673281    0673330 
           37 010140426   611005270001    0673331    0673380 
 
       ** BLOCK   38
           38 010140426   611005270001    0673381    0673430 
           38 010140426   611096282001    0673431    0673480 
           38 010140426   611150837001    0673481    0673530 
           38 010140426   611150837001    0673531    0673580 
 
       ** BLOCK   39
           39 010140426   611478374052    0673581    0673630 
           39 010140426   611478374052    0673631    0673680 
           39 010140426   611478374052    0673681    0673730 
           39 010140426   611478374052    0673731    0673780 
 
       ** BLOCK   40
           40 010140426   611478374118    0673781    0673830 
           40 010140442   631092728188    0454001    0454050 
           40 010140442   631092728188    0454051    0454100 
           40 010140442   631092728188    0454101    0454150 


        Page No.     6
        07/09/2014
                      SBTC - SUMMARY OF BLOCK - PERSONAL

            RUSH, CANCELLED AND HOLD PRINT JOBS SHOULD ALWAYS HAVE
                   AN ATTACHED MEMO OR EMAIL FROM THE BANK!!!

        BLOCK RT_NO     M ACCT_NO         START_NO.  END_NO.
 
       ** BLOCK   41
           41 010140442   631092728188    0454151    0454200 
           41 010140442   631092728188    0454201    0454250 
           41 010140442   631478374128    0454251    0454300 
           41 010140442   631478374138    0454301    0454350 
 
       ** BLOCK   42
           42 010140484   000000475930    0623451    0623500 
           42 010140484   000000475930    0623501    0623550 
           42 010140484   000001312623    0623551    0623600 
           42 010140565   000000772936    0446251    0446300 
 
       ** BLOCK   43
           43 010140565   000000772936    0446301    0446350 
           43 010140565   322175234001    0446351    0446400 
           43 010140581   000001021241    0735451    0735500 
           43 010140594   512457925001    0329201    0329250 
 
       ** BLOCK   44
           44 010140646   000001231554    0170151    0170200 
           44 010140646   000001231554    0170201    0170250 
           44 010140646   000001231554    0170251    0170300 
           44 010140662   273729526001    0640351    0640400 
 
       ** BLOCK   45
           45 010140662   273729526001    0640401    0640450 
           45 010140675   000002040135    0519651    0519700 
           45 010140688   000000745000    0207051    0207100 
           45 010140688   000000745000    0207101    0207150 
 
       ** BLOCK   46
           46 010140688   000000745000    0207151    0207200 
           46 010140688   000000745000    0207201    0207250 
           46 010140743   000001028897    0299851    0299900 
           46 010140772   602389965001    0780051    0780100 
 
       ** BLOCK   47
           47 010140772   602398260001    0780101    0780150 
           47 010140772   602398260001    0780151    0780200 
           47 010140772   602398260001    0780201    0780250 
           47 010140772   602398260001    0780251    0780300 
 
       ** BLOCK   48
           48 010140824   000000521771    0392001    0392050 
           48 010140824   711383150001    0392051    0392100 
           48 010140824   711478374013    0392101    0392150 
           48 010140837   000000586061    0276601    0276650 


        Page No.     7
        07/09/2014
                      SBTC - SUMMARY OF BLOCK - PERSONAL

            RUSH, CANCELLED AND HOLD PRINT JOBS SHOULD ALWAYS HAVE
                   AN ATTACHED MEMO OR EMAIL FROM THE BANK!!!

        BLOCK RT_NO     M ACCT_NO         START_NO.  END_NO.
 
       ** BLOCK   49
           49 010140840   000001035578    0359201    0359250 
           49 010140840   394027889001    0359251    0359300 
           49 010140840   394027889001    0359301    0359350 
           49 010140840   394027889001    0359351    0359400 
 
       ** BLOCK   50
           50 010140840   394027889001    0359401    0359450 
           50 010140840   394027889001    0359451    0359500 
           50 010140840   394160344001    0359501    0359550 
           50 010140840   394160344001    0359551    0359600 
 
       ** BLOCK   51
           51 010140840   394160344001    0359601    0359650 
           51 010140840   394160344001    0359651    0359700 
           51 010140853   516571877040    0072801    0072850 
           51 010140882   000000408655    0406151    0406200 
 
       ** BLOCK   52
           52 010140882   000000408655    0406201    0406250 
           52 010140905   000001662404    0033501    0033550 
           52 010140905   000001662426    0033551    0033600 
           52 010140992   000000022044    0020101    0020150 
 
       ** BLOCK   53
           53 010140992   000000022066    0020151    0020200 
           53 010140992   000000022088    0020201    0020250 
           53 010140992   000000998741    0020251    0020300 
           53 010140992   000001539653    0020301    0020350 
 
       ** BLOCK   54
           54 010141030   000000592176    0016001    0016050 
           54 010141111   000001036833    0004651    0004700 
           54 010141205   000001499658    0007201    0007250 
           54 010141218   000000908481    0005051    0005100 
 
       ** BLOCK   55
           55 010141234   000001017838    0008651    0008700 
           55 010141250   000001146970    0003951    0004000 
           55 010141250   000001146981    0004001    0004050 
           55 010141263   000000801450    0009601    0009650 
 
       ** BLOCK   56
           56 010141263   000000801450    0009651    0009700 
           56 010141263   000002040642    0009701    0009750 
           56 010141263   000002040642    0009751    0009800 
           56 010141276   000000208637    0011951    0012000 


        Page No.     8
        07/09/2014
                      SBTC - SUMMARY OF BLOCK - PERSONAL

            RUSH, CANCELLED AND HOLD PRINT JOBS SHOULD ALWAYS HAVE
                   AN ATTACHED MEMO OR EMAIL FROM THE BANK!!!

        BLOCK RT_NO     M ACCT_NO         START_NO.  END_NO.
 
       ** BLOCK   57
           57 010141276   000000208637    0012001    0012050 
           57 010141276   000001399271    0012051    0012100 
           57 010141289   000001056171    0012501    0012550 
           57 010141292   000001313740    0004151    0004200 
 
       ** BLOCK   58
           58 010141292   000001313740    0004201    0004250 
           58 010141331   000001073916    0006151    0006200 
           58 010141357   000001682657    0006801    0006850 
           58 010141373   000001029543    0003601    0003650 
 
       ** BLOCK   59
           59 010141373   000001029543    0003651    0003700 
           59 010141373   000001029543    0003701    0003750 
           59 010141386   000000145008    0004101    0004150 
           59 010141386   000000145020    0004151    0004200 
 
       ** BLOCK   60
           60 010141399   000001406513    0007401    0007450 
           60 020140076   000000222944    0083951    0084000 
           60 020140076   374751653001    0084001    0084050 
           60 020140076   374751653001    0084051    0084100 
 
       ** BLOCK   61
           61 020140089   000000973440    0039851    0039900 
           61 020140089   000002161779    0039901    0039950 
           61 020140089   376272044001    0039951    0040000 
           61 020140089   376272044001    0040001    0040050 
 
       ** BLOCK   62
           62 020140089   376272044001    0040051    0040100 
           62 020140089   376272044001    0040101    0040150 
           62 020140092   000001331771    0068851    0068900 
           62 020140092   000001331771    0068901    0068950 
 
       ** BLOCK   63
           63 030140079   000001010642    0005001    0005050 
           63 030140079   000001010642    0005051    0005100 
           63 030140079   000001010642    0005101    0005150 
           63 070140026   000001232051    0004001    0004050 
 
       ** BLOCK   64
           64 080140016   311478374004    0368601    0368650 
           64 080140016   311478374004    0368651    0368700 
           64 080140016   311478374088    0368701    0368750 
           64 080140016   311553780001    0368751    0368800 


        Page No.     9
        07/09/2014
                      SBTC - SUMMARY OF BLOCK - PERSONAL

            RUSH, CANCELLED AND HOLD PRINT JOBS SHOULD ALWAYS HAVE
                   AN ATTACHED MEMO OR EMAIL FROM THE BANK!!!

        BLOCK RT_NO     M ACCT_NO         START_NO.  END_NO.
 
       ** BLOCK   65
           65 080140016   311553780001    0368801    0368850 
           65 080140016   311553780001    0368851    0368900 
           65 100140019   000001057498    0688651    0688700 
           65 100140019   000001057498    0688701    0688750 
 
       ** BLOCK   66
           66 100140019   000001057498    0688751    0688800 
           66 100140019   231040264001    0688801    0688850 
           66 100140019   231040264001    0688851    0688900 
           66 100140019   231520766094    0688901    0688950 
 
       ** BLOCK   67
           67 100140019   231520766103    0688951    0689000 
           67 100140019   231520766103    0689001    0689050 
           67 100140019   231520766109    0689051    0689100 
           67 100140019   231520766109    0689101    0689150 
 
       ** BLOCK   68
           68 130140034   683560646001    0444801    0444850 
           68 130140034   683560646001    0444851    0444900 
           68 130140047   252478374027    0236351    0236400 
           68 130140050   000000213243    0049201    0049250 
 
       ** BLOCK   69
           69 190140016   000000007310    0429401    0429450 
           69 190140016   000000007310    0429451    0429500 
           69 190140016   000000007310    0429501    0429550 
           69 190140029   000001926321    0986051    0986100 
 
       ** BLOCK   70
           70 190140029   261493025043    0986101    0986150 
           70 190140029   261493025043    0986151    0986200 
           70 200140029   000001557666    0056401    0056450 
           70 220140025   561078548001    0327851    0327900 
 
       ** BLOCK   71
           71 220140025   561078548001    0327901    0327950 
           71 220140025   561078548001    0327951    0328000 
           71 220140025   561078548001    0328001    0328050 
           71 220140025   561078548001    0328051    0328100 
 
       ** BLOCK   72
           72 240140018   411496346001    0653551    0653600 
           72 240140018   411496346001    0653601    0653650 
           72 240140018   411496346001    0653651    0653700 
           72 240140018   411496346001    0653701    0653750 


        Page No.     10
        07/09/2014
                      SBTC - SUMMARY OF BLOCK - PERSONAL

            RUSH, CANCELLED AND HOLD PRINT JOBS SHOULD ALWAYS HAVE
                   AN ATTACHED MEMO OR EMAIL FROM THE BANK!!!

        BLOCK RT_NO     M ACCT_NO         START_NO.  END_NO.
 
       ** BLOCK   73
           73 240140018   411496346001    0653751    0653800 
           73 260140027   000000084360    0053651    0053700 
           73 260140027   000001009243    0053701    0053750 
           73 300140013   230478374008    0047201    0047250 
 
       ** BLOCK   74
           74 310140016   221402966001    0405401    0405450 
           74 310140016   221529439001    0405451    0405500 
           74 310140016   221529439001    0405501    0405550 
           74 310140045   000001149348    0417301    0417350 
 
       ** BLOCK   75
           75 310140045   000001149359    0417351    0417400 
           75 410140026   000000469272    0400401    0400450 
           75 410140055   000001622719    0050001    0050050 
