
        Page No. 1
        Jul. 16, 2018
                   SBTC - SUMMARY OF BLOCK - COMMERCIAL
                Basestock =  --> 

    Starting Batch 02042016, New MICR Alignment of NCDSS is 15-54 ! ! !

        BLOCK RT_NO     M ACCT_NO         START_NO.  END_NO.


       ** BLOCK 1
            1 010140015   000000633469    0003156201 0003156300 
            1 010140015   000000633469    0003156301 0003156400 
            1 010140015   000000633469    0003156401 0003156500 
            1 010140057   000000031687    0000474201 0000474300 

       ** BLOCK 2
            2 010140057   000000031687    0000474301 0000474400 
            2 010140057   000000031687    0000474401 0000474500 
            2 010140057   281027866001    0000474501 0000474600 
            2 010140057   281027866001    0000474601 0000474700 

       ** BLOCK 3
            3 010140060   071603898001    0000731701 0000731800 
            3 010140060   071603898001    0000731801 0000731900 
            3 010140109   171007896001    0000739901 0000740000 
            3 010140109   171007896001    0000740001 0000740100 

       ** BLOCK 4
            4 010140109   171007896001    0000740101 0000740200 
            4 010140109   171007896001    0000740201 0000740300 
            4 010140109   171007896001    0000740301 0000740400 
            4 010140235   000000046028    0000849451 0000849550 

       ** BLOCK 5
            5 010140235   000000046028    0000849551 0000849650 
            5 010140235   000000046028    0000849651 0000849750 
            5 010140277   391009425001    0000776501 0000776600 
            5 010140277   391009425001    0000776601 0000776700 

       ** BLOCK 6
            6 010140277   391009425001    0000776701 0000776800 
            6 010140277   391032924001    0000776801 0000776900 
            6 010140277   391032924001    0000776901 0000777000 
            6 010140277   391032924001    0000777001 0000777100 

       ** BLOCK 7
            7 010140277   391032924001    0000777101 0000777200 
            7 010140277   391032924001    0000777201 0000777300 
            7 010140484   851013980002    0000579451 0000579550 
            7 010140507   861031615001    0000717801 0000717900 

       ** BLOCK 8
            8 010140507   861031615001    0000717901 0000718000 
            8 010140507   861031615001    0000718001 0000718100 
            8 010140507   861031615001    0000718101 0000718200 
            8 010140507   861031615001    0000718201 0000718300 

    13CP0713                                     DLVR: 07-19(THU)


    PA = 215                 0716_C12.txt
    CA = 150

    Prepared By : ANGIE
    Updated By  : ANGIE
    Time Start  : 12:14
    Time Fnished:                                              RECHECKED BY:  
    File Rcvd   :


        Page No. 2
        Jul. 16, 2018
                   SBTC - SUMMARY OF BLOCK - COMMERCIAL
                Basestock =  --> 

    Starting Batch 02042016, New MICR Alignment of NCDSS is 15-54 ! ! !

        BLOCK RT_NO     M ACCT_NO         START_NO.  END_NO.


       ** BLOCK 9
            9 010140507   861031615001    0000718301 0000718400 
            9 010140507   861031615001    0000718401 0000718500 
            9 010140507   861031615001    0000718501 0000718600 
            9 010140507   861031615001    0000718601 0000718700 

       ** BLOCK 10
           10 010140507   861031615001    0000718701 0000718800 
           10 010140646   000000182370    0000688701 0000688800 
           10 010140646   000000182370    0000688801 0000688900 
           10 010140646   000000182370    0000688901 0000689000 

       ** BLOCK 11
           11 010140646   000000182370    0000689001 0000689100 
           11 010140646   000000182370    0000689101 0000689200 
           11 010140646   000000182483    0000689201 0000689300 
           11 010140646   000000182483    0000689301 0000689400 

       ** BLOCK 12
           12 010140646   000000182483    0000689401 0000689500 
           12 010140646   000000182483    0000689501 0000689600 
           12 010140646   000000182483    0000689601 0000689700 
           12 010140646   000000712849    0000689701 0000689800 

       ** BLOCK 13
           13 010140646   000000712849    0000689801 0000689900 
           13 010140646   000000712849    0000689901 0000690000 
           13 010140662   000011433013    0001229551 0001229650 
           13 010140662   273025607004    0001229651 0001229750 

       ** BLOCK 14
           14 010140662   273025607004    0001229751 0001229850 
           14 010140743   503039823001    0000945601 0000945700 
           14 010140743   503039823001    0000945701 0000945800 
           14 010140772   602463868002    0000583701 0000583800 

       ** BLOCK 15
           15 010140772   602463868002    0000583801 0000583900 
           15 010140824   711036897001    0000721201 0000721300 
           15 010140840   000014004643    0000295901 0000296000 
           15 010140840   000014004643    0000296001 0000296100 

       ** BLOCK 16
           16 010140840   000014004643    0000296101 0000296200 
           16 010140840   000018449120    0000296201 0000296300 
           16 010140840   000018449120    0000296301 0000296400 
           16 010140840   000018449120    0000296401 0000296500 


        Page No. 3
        Jul. 16, 2018
                   SBTC - SUMMARY OF BLOCK - COMMERCIAL
                Basestock =  --> 

    Starting Batch 02042016, New MICR Alignment of NCDSS is 15-54 ! ! !

        BLOCK RT_NO     M ACCT_NO         START_NO.  END_NO.


       ** BLOCK 17
           17 010140840   394046727001    0000296501 0000296600 
           17 010140840   394046727001    0000296601 0000296700 
           17 010140853   516033397001    0000272351 0000272450 
           17 010140853   516033397001    0000272451 0000272550 

       ** BLOCK 18
           18 010140853   516033397001    0000272551 0000272650 
           18 010140853   516033397001    0000272651 0000272750 
           18 010140853   516033397001    0000272751 0000272850 
           18 010140853   516033397001    0000272851 0000272950 

       ** BLOCK 19
           19 010140853   516033397001    0000272951 0000273050 
           19 010140853   516033397001    0000273051 0000273150 
           19 010140853   516033397001    0000273151 0000273250 
           19 010140853   516033397001    0000273251 0000273350 

       ** BLOCK 20
           20 010141111   276046529088    0000056251 0000056350 
           20 010141111   276046529088    0000056351 0000056450 
           20 010141111   276046529088    0000056451 0000056550 
           20 010141111   276046529088    0000056551 0000056650 

       ** BLOCK 21
           21 010141111   276046529088    0000056651 0000056750 
           21 010141111   276046529088    0000056751 0000056850 
           21 010141111   276046529088    0000056851 0000056950 
           21 010141111   276046529088    0000056951 0000057050 

       ** BLOCK 22
           22 010141111   276046529088    0000057051 0000057150 
           22 010141111   276046529088    0000057151 0000057250 
           22 010141111   276046529088    0000057251 0000057350 
           22 010141111   276046529088    0000057351 0000057450 

       ** BLOCK 23
           23 010141111   276046578001    0000057451 0000057550 
           23 010141111   276046578001    0000057551 0000057650 
           23 010141409   000013005531    0000044001 0000044100 
           23 010141409   000013005531    0000044101 0000044200 

       ** BLOCK 24
           24 010141409   000013005531    0000044201 0000044300 
           24 010141412   000001142818    0000084901 0000085000 
           24 010141412   000001142818    0000085001 0000085100 
           24 020140102   000000042355    0000063901 0000064000 


        Page No. 4
        Jul. 16, 2018
                   SBTC - SUMMARY OF BLOCK - COMMERCIAL
                Basestock =  --> 

    Starting Batch 02042016, New MICR Alignment of NCDSS is 15-54 ! ! !

        BLOCK RT_NO     M ACCT_NO         START_NO.  END_NO.


       ** BLOCK 25
           25 020140102   000000042355    0000064001 0000064100 
           25 020140102   000000042355    0000064101 0000064200 
           25 020140102   000000042355    0000064201 0000064300 
           25 020140102   000000042355    0000064301 0000064400 

       ** BLOCK 26
           26 020140102   000010966813    0000064401 0000064500 
           26 060140010   081019978001    0001421801 0001421900 
           26 060140010   081019978001    0001421901 0001422000 
           26 060140010   081029282001    0001422001 0001422100 

       ** BLOCK 27
           27 060140010   081029282001    0001422101 0001422200 
           27 060140010   081029282001    0001422201 0001422300 
           27 060140010   081029282001    0001422301 0001422400 
           27 060140010   081029282001    0001422401 0001422500 

       ** BLOCK 28
           28 060140023   000013259188    0000616301 0000616400 
           28 060140023   000013259188    0000616401 0000616500 
           28 100140019   231032404002    0000805401 0000805500 
           28 120140015   000007556132    0000567671 0000567770 

       ** BLOCK 29
           29 120140015   000007556132    0000567771 0000567870 
           29 120140015   000007556132    0000567871 0000567970 
           29 120140015   000007556132    0000567971 0000568070 
           29 120140015   000007556132    0000568071 0000568170 

       ** BLOCK 30
           30 130140021   000000023474    0000600901 0000601000 
           30 130140021   000000023474    0000601001 0000601100 
           30 190140016   491030520001    0000461301 0000461400 
           30 220140025   561028028002    0000429401 0000429500 

       ** BLOCK 31
           31 220140025   561028028002    0000429501 0000429600 
           31 220140025   561028028002    0000429601 0000429700 
           31 220140025   561028028002    0000429701 0000429800 
           31 220140025   561028028002    0000429801 0000429900 

       ** BLOCK 32
           32 220140025   561028028002    0000429901 0000430000 
           32 220140025   561028028002    0000430001 0000430100 
           32 220140025   561028028002    0000430101 0000430200 
           32 220140025   561028028002    0000430201 0000430300 


        Page No. 5
        Jul. 16, 2018
                   SBTC - SUMMARY OF BLOCK - COMMERCIAL
                Basestock =  --> 

    Starting Batch 02042016, New MICR Alignment of NCDSS is 15-54 ! ! !

        BLOCK RT_NO     M ACCT_NO         START_NO.  END_NO.


       ** BLOCK 33
           33 220140025   561028028002    0000430301 0000430400 
           33 240140018   411056764004    0001271801 0001271900 
           33 240140018   411056764004    0001271901 0001272000 
           33 240140018   411056764004    0001272001 0001272100 

       ** BLOCK 34
           34 240140018   411056764004    0001272101 0001272200 
           34 240140018   411056764004    0001272201 0001272300 
           34 310140016   221041792001    0000561301 0000561400 
           34 410140039   813016813001    0000560801 0000560900 

       ** BLOCK 35
           35 410140039   813026108001    0000560901 0000561000 
           35 660140012   314040235001    0000122901 0000123000 
           35 660140012   314040235001    0000123001 0000123100 
           35 660140012   314040235001    0000123101 0000123200 

       ** BLOCK 36
           36 660140012   314617698002    0000123201 0000123300 
           36 660140012   314617698002    0000123301 0000123400 
           36 660140012   314617698002    0000123401 0000123500 
           36 660140012   314617698002    0000123501 0000123600 

       ** BLOCK 37
           37 660140012   314617698002    0000123601 0000123700 
           37 660140012   314617698002    0000123701 0000123800 
           37 660140012   314617698002    0000123801 0000123900 
           37 660140012   314617698002    0000123901 0000124000 

       ** BLOCK 38
           38 660140012   314617698002    0000124001 0000124100 
           38 660140012   314617698002    0000124101 0000124200 
