
        Page No. 1
        Jul. 16, 2018
                   SBTC - SUMMARY OF BLOCK - PERSONAL
                Basestock =  --> 

    Starting Batch 02042016, New MICR Alignment of NCDSS is 15-54 ! ! !

        BLOCK RT_NO     M ACCT_NO         START_NO.  END_NO.


       ** BLOCK 1
            1 010140015   000017248574    2436551    2436600 
            1 010140015   061422618001    2436601    2436650 
            1 010140015   061422618001    2436651    2436700 
            1 010140015   061422618001    2436701    2436750 

       ** BLOCK 2
            2 010140044   000004901564    0834501    0834550 
            2 010140044   000004901564    0834551    0834600 
            2 010140044   161459294001    0834601    0834650 
            2 010140044   161459294001    0834651    0834700 

       ** BLOCK 3
            3 010140044   161478374018    0834701    0834750 
            3 010140044   161478374018    0834751    0834800 
            3 010140057   281360412001    0722201    0722250 
            3 010140057   281360412001    0722251    0722300 

       ** BLOCK 4
            4 010140073   000015360693    1182951    1183000 
            4 010140073   111478374151    1183001    1183050 
            4 010140086   000017478794    1478251    1478300 
            4 010140086   000017478794    1478301    1478350 

       ** BLOCK 5
            5 010140086   000017478794    1478351    1478400 
            5 010140086   000017478794    1478401    1478450 
            5 010140086   000017478794    1478451    1478500 
            5 010140086   000017478794    1478501    1478550 

       ** BLOCK 6
            6 010140086   000017478794    1478551    1478600 
            6 010140086   000017478794    1478601    1478650 
            6 010140086   000017478794    1478651    1478700 
            6 010140086   000017478794    1478701    1478750 

       ** BLOCK 7
            7 010140086   000018581770    1478751    1478800 
            7 010140086   000018581770    1478801    1478850 
            7 010140086   011413667001    1478851    1478900 
            7 010140086   011413667001    1478901    1478950 

       ** BLOCK 8
            8 010140086   011413667001    1478951    1479000 
            8 010140109   000000037841    1386701    1386750 
            8 010140109   000000772247    1386751    1386800 
            8 010140109   000001618862    1386801    1386850 

    13CP0713                                     DLVR: 07-19(THU)


    PA = 215                 0716_P12.txt
    CA = 150

    Prepared By : ANGIE
    Updated By  : ANGIE
    Time Start  : 12:14
    Time Fnished:                                              RECHECKED BY:  
    File Rcvd   :


        Page No. 2
        Jul. 16, 2018
                   SBTC - SUMMARY OF BLOCK - PERSONAL
                Basestock =  --> 

    Starting Batch 02042016, New MICR Alignment of NCDSS is 15-54 ! ! !

        BLOCK RT_NO     M ACCT_NO         START_NO.  END_NO.


       ** BLOCK 9
            9 010140109   171200386001    1386851    1386900 
            9 010140109   171200386001    1386901    1386950 
            9 010140109   171200386001    1386951    1387000 
            9 010140109   171200386001    1387001    1387050 

       ** BLOCK 10
           10 010140109   171200386001    1387051    1387100 
           10 010140125   021298552002    0534251    0534300 
           10 010140125   021298552002    0534301    0534350 
           10 010140125   021401825001    0534351    0534400 

       ** BLOCK 11
           11 010140125   021401825001    0534401    0534450 
           11 010140125   021401825001    0534451    0534500 
           11 010140125   021401825001    0534501    0534550 
           11 010140125   021401825001    0534551    0534600 

       ** BLOCK 12
           12 010140125   021401825001    0534601    0534650 
           12 010140138   000018252683    0608351    0608400 
           12 010140167   000002341691    0680701    0680750 
           12 010140183   000013856681    0457901    0457950 

       ** BLOCK 13
           13 010140206   351604435001    0629301    0629350 
           13 010140206   351604435001    0629351    0629400 
           13 010140235   000005644635    0623551    0623600 
           13 010140235   000005644635    0623601    0623650 

       ** BLOCK 14
           14 010140277   000001841130    0791251    0791300 
           14 010140277   000001841130    0791301    0791350 
           14 010140277   000013464643    0791351    0791400 
           14 010140277   000013464643    0791401    0791450 

       ** BLOCK 15
           15 010140293   381419788001    0730501    0730550 
           15 010140332   000014839651    0718941    0718990 
           15 010140361   000007106414    0574251    0574300 
           15 010140361   531301329001    0574301    0574350 

       ** BLOCK 16
           16 010140413   601490093001    0631201    0631250 
           16 010140413   601490093001    0631251    0631300 
           16 010140413   601490093001    0631301    0631350 
           16 010140413   601490093001    0631351    0631400 


        Page No. 3
        Jul. 16, 2018
                   SBTC - SUMMARY OF BLOCK - PERSONAL
                Basestock =  --> 

    Starting Batch 02042016, New MICR Alignment of NCDSS is 15-54 ! ! !

        BLOCK RT_NO     M ACCT_NO         START_NO.  END_NO.


       ** BLOCK 17
           17 010140426   611337036001    0800431    0800480 
           17 010140426   611478374121    0800481    0800530 
           17 010140507   861196343001    0506951    0507000 
           17 010140507   861196343001    0507001    0507050 

       ** BLOCK 18
           18 010140507   861196343001    0507051    0507100 
           18 010140507   861196343001    0507101    0507150 
           18 010140507   861196343001    0507151    0507200 
           18 010140549   000014913910    0614701    0614750 

       ** BLOCK 19
           19 010140549   000014913910    0614751    0614800 
           19 010140594   000016882287    0405201    0405250 
           19 010140594   000016882287    0405251    0405300 
           19 010140594   000019336300    0405301    0405350 

       ** BLOCK 20
           20 010140646   000001285558    0218401    0218450 
           20 010140646   000008890428    0218451    0218500 
           20 010140646   000008890428    0218501    0218550 
           20 010140646   000018633019    0218551    0218600 

       ** BLOCK 21
           21 010140659   000014678421    0362351    0362400 
           21 010140662   000017765358    0754251    0754300 
           21 010140662   273470847001    0754301    0754350 
           21 010140727   000006862286    0585001    0585050 

       ** BLOCK 22
           22 010140727   000006862286    0585051    0585100 
           22 010140772   000000713171    1043701    1043750 
           22 010140772   000013900766    1043751    1043800 
           22 010140772   000013900766    1043801    1043850 

       ** BLOCK 23
           23 010140772   602326333001    1043851    1043900 
           23 010140772   602326333001    1043901    1043950 
           23 010140772   602399405002    1043951    1044000 
           23 010140772   602399405002    1044001    1044050 

       ** BLOCK 24
           24 010140772   602399405002    1044051    1044100 
           24 010140772   602402493001    1044101    1044150 
           24 010140772   602402493001    1044151    1044200 
           24 010140772   602402493001    1044201    1044250 


        Page No. 4
        Jul. 16, 2018
                   SBTC - SUMMARY OF BLOCK - PERSONAL
                Basestock =  --> 

    Starting Batch 02042016, New MICR Alignment of NCDSS is 15-54 ! ! !

        BLOCK RT_NO     M ACCT_NO         START_NO.  END_NO.


       ** BLOCK 25
           25 010140824   000006600277    0565451    0565500 
           25 010140824   000006600277    0565501    0565550 
           25 010140824   711226051002    0565551    0565600 
           25 010140840   000007264511    0562801    0562850 

       ** BLOCK 26
           26 010140840   000007264511    0562851    0562900 
           26 010141111   000019320362    0029501    0029550 
           26 010141166   000004597220    0052601    0052650 
           26 010141166   000005324243    0052651    0052700 

       ** BLOCK 27
           27 010141166   000005324243    0052701    0052750 
           27 010141166   000005324243    0052751    0052800 
           27 010141166   000005324323    0052801    0052850 
           27 010141166   000005324323    0052851    0052900 

       ** BLOCK 28
           28 010141166   000015799469    0052901    0052950 
           28 010141221   000016641060    0053351    0053400 
           28 010141221   000016641060    0053401    0053450 
           28 010141234   000000224079    0097251    0097300 

       ** BLOCK 29
           29 010141234   000003340616    0097301    0097350 
           29 010141292   000019306620    0060551    0060600 
           29 010141357   000002906647    0075651    0075700 
           29 010141357   000018892990    0075701    0075750 

       ** BLOCK 30
           30 010141357   656057648015    0075751    0075800 
           30 010141373   000003715837    0029201    0029250 
           30 010141373   000003715837    0029251    0029300 
           30 010141373   000005959722    0029301    0029350 

       ** BLOCK 31
           31 010141373   000005959733    0029351    0029400 
           31 010141373   000017123329    0029401    0029450 
           31 010141373   000017123329    0029451    0029500 
           31 010141386   000007255970    0115751    0115800 

       ** BLOCK 32
           32 010141386   000007255970    0115801    0115850 
           32 010141409   000012425091    0050751    0050800 
           32 020140089   000002270286    0102251    0102300 
           32 020140089   000002270286    0102301    0102350 


        Page No. 5
        Jul. 16, 2018
                   SBTC - SUMMARY OF BLOCK - PERSONAL
                Basestock =  --> 

    Starting Batch 02042016, New MICR Alignment of NCDSS is 15-54 ! ! !

        BLOCK RT_NO     M ACCT_NO         START_NO.  END_NO.


       ** BLOCK 33
           33 020140089   000002270286    0102351    0102400 
           33 020140089   000002270286    0102401    0102450 
           33 020140089   000002270286    0102451    0102500 
           33 030140066   000016080341    0098201    0098250 

       ** BLOCK 34
           34 030140095   000000566832    0072151    0072200 
           34 030140095   000017011373    0072201    0072250 
           34 050140017   481033355001    0588701    0588750 
           34 050140020   000000473869    0090201    0090250 

       ** BLOCK 35
           35 050140020   000017208703    0090251    0090300 
           35 050140020   000017208703    0090301    0090350 
           35 060140010   000012781385    0741201    0741250 
           35 060140010   000012781385    0741251    0741300 

       ** BLOCK 36
           36 060140010   000019317343    0741301    0741350 
           36 060140010   081382138001    0741351    0741400 
           36 060140010   081382138001    0741401    0741450 
           36 060140010   081382138001    0741451    0741500 

       ** BLOCK 37
           37 060140010   081382138001    0741501    0741550 
           37 060140010   081382138001    0741551    0741600 
           37 060140010   081382138001    0741601    0741650 
           37 060140010   081382138001    0741651    0741700 

       ** BLOCK 38
           38 060140010   081382138001    0741701    0741750 
           38 060140010   081382138001    0741751    0741800 
           38 060140010   081382138001    0741801    0741850 
           38 060140010   081382138001    0741851    0741900 

       ** BLOCK 39
           39 060140010   081382138001    0741901    0741950 
           39 060140010   081382138001    0741951    0742000 
           39 060140010   081382138001    0742001    0742050 
           39 060140010   081382138001    0742051    0742100 

       ** BLOCK 40
           40 060140010   081382138001    0742101    0742150 
           40 060140010   081382138001    0742151    0742200 
           40 060140010   081382138001    0742201    0742250 
           40 060140010   081382138001    0742251    0742300 


        Page No. 6
        Jul. 16, 2018
                   SBTC - SUMMARY OF BLOCK - PERSONAL
                Basestock =  --> 

    Starting Batch 02042016, New MICR Alignment of NCDSS is 15-54 ! ! !

        BLOCK RT_NO     M ACCT_NO         START_NO.  END_NO.


       ** BLOCK 41
           41 060140010   081382138001    0742301    0742350 
           41 060140010   081387358002    0742351    0742400 
           41 060140010   081387358002    0742401    0742450 
           41 060140036   083591896001    0073201    0073250 

       ** BLOCK 42
           42 060140052   000018532391    0084201    0084250 
           42 060140052   000018532391    0084251    0084300 
           42 090140022   432294143001    0068551    0068600 
           42 090140022   432294143001    0068601    0068650 

       ** BLOCK 43
           43 100140019   231520766043    0804351    0804400 
           43 110140012   000003197084    0226901    0226950 
           43 110140012   000003197084    0226951    0227000 
           43 110140012   000016418143    0227001    0227050 

       ** BLOCK 44
           44 110140012   000016418143    0227051    0227100 
           44 120140015   000016104191    0724301    0724350 
           44 120140015   421039600001    0724351    0724400 
           44 120140015   421039600001    0724401    0724450 

       ** BLOCK 45
           45 120140015   421039600001    0724451    0724500 
           45 120140015   421039600001    0724501    0724550 
           45 120140015   421039600001    0724551    0724600 
           45 120140015   421039600001    0724601    0724650 

       ** BLOCK 46
           46 120140015   421371201001    0724651    0724700 
           46 120140015   421371201001    0724701    0724750 
           46 120140015   421371201001    0724751    0724800 
           46 120140015   421371201001    0724801    0724850 

       ** BLOCK 47
           47 120140015   421371201001    0724851    0724900 
           47 130140034   000002283781    0539551    0539600 
           47 130140034   000002283781    0539601    0539650 
           47 130140034   000002283781    0539651    0539700 

       ** BLOCK 48
           48 130140050   000011254594    0141801    0141850 
           48 130140050   000016802892    0141851    0141900 
           48 130140050   000016802892    0141901    0141950 
           48 130140050   000016802892    0141951    0142000 


        Page No. 7
        Jul. 16, 2018
                   SBTC - SUMMARY OF BLOCK - PERSONAL
                Basestock =  --> 

    Starting Batch 02042016, New MICR Alignment of NCDSS is 15-54 ! ! !

        BLOCK RT_NO     M ACCT_NO         START_NO.  END_NO.


       ** BLOCK 49
           49 140140011   492621336001    0611901    0611950 
           49 140140011   492621336001    0611951    0612000 
           49 190140016   491366144001    0516901    0516950 
           49 190140029   000013436323    1137751    1137800 

       ** BLOCK 50
           50 190140029   000013436323    1137801    1137850 
           50 190140029   261247767001    1137851    1137900 
           50 200140029   000002319575    0165501    0165550 
           50 200140029   000002319575    0165551    0165600 

       ** BLOCK 51
           51 220140025   000013858821    0453301    0453350 
           51 260140027   000014231340    0131501    0131550 
           51 280140010   000002253590    0321751    0321800 
           51 310140016   000013868078    0497701    0497750 

       ** BLOCK 52
           52 310140016   000013868078    0497751    0497800 
           52 310140016   221220163001    0497801    0497850 
           52 410140026   000019329936    0568951    0569000 
           52 410140026   000019330048    0569001    0569050 

       ** BLOCK 53
           53 410140026   000019332084    0569051    0569100 
           53 410140042   000008280626    0636251    0636300 
           53 410140042   814520766138    0636301    0636350 
           53 410140042   814520766138    0636351    0636400 

       ** BLOCK 54
           54 660140012   000003642653    0267251    0267300 
           54 660140012   000003642653    0267301    0267350 
           54 660140012   000003642653    0267351    0267400 
