
        Page No.     1
        05/30/2014
                     SBTC - SUMMARY OF BLOCK - COMMERCIAL

            RUSH, CANCELLED AND HOLD PRINT JOBS SHOULD ALWAYS HAVE
                   AN ATTACHED MEMO OR EMAIL FROM THE BANK!!!

        BLOCK RT_NO     M ACCT_NO         START_NO.  END_NO.
 
       ** BLOCK   1
            1 010140044   000000335453    0000351201 0000351300 
            1 010140044   161787260001    0000351301 0000351400 
            1 010140044   161787260001    0000351401 0000351500 
            1 010140109   171201379001    0000611101 0000611200 
 
       ** BLOCK   2
            2 010140167   271026619001    0000206501 0000206600 
            2 010140167   271026619001    0000206601 0000206700 
            2 010140167   271026619001    0000206701 0000206800 
            2 010140167   271026619001    0000206801 0000206900 
 
       ** BLOCK   3
            3 010140167   271026619001    0000206901 0000207000 
            3 010140167   271026619001    0000207001 0000207100 
            3 010140167   271026619001    0000207101 0000207200 
            3 010140167   271026619001    0000207201 0000207300 
 
       ** BLOCK   4
            4 010140167   271026619001    0000207301 0000207400 
            4 010140167   271026619001    0000207401 0000207500 
            4 010140332   000001647116    0000758551 0000758650 
            4 010140345   521476625001    0002572401 0002572500 
 
       ** BLOCK   5
            5 010140400   000000460991    0000707501 0000707600 
            5 010140400   000000460991    0000707601 0000707700 
            5 010140442   631021798001    0000303151 0000303250 
            5 010140442   631021798001    0000303251 0000303350 
 
       ** BLOCK   6
            6 010140442   631021798001    0000303351 0000303450 
            6 010140442   631021798001    0000303451 0000303550 
            6 010140549   000001092488    0000323051 0000323150 
            6 010140549   000001092488    0000323151 0000323250 
 
       ** BLOCK   7
            7 010140549   000001092488    0000323251 0000323350 
            7 010140549   000001092488    0000323351 0000323450 
            7 010140549   000001092488    0000323451 0000323550 
            7 010140565   322033184002    0000535851 0000535950 
 
       ** BLOCK   8
            8 010140565   322033184002    0000535951 0000536050 
            8 010140565   322033184002    0000536051 0000536150 
            8 010140565   322033184002    0000536151 0000536250 
            8 010140565   322033184002    0000536251 0000536350 


        Page No.     2
        05/30/2014
                     SBTC - SUMMARY OF BLOCK - COMMERCIAL

            RUSH, CANCELLED AND HOLD PRINT JOBS SHOULD ALWAYS HAVE
                   AN ATTACHED MEMO OR EMAIL FROM THE BANK!!!

        BLOCK RT_NO     M ACCT_NO         START_NO.  END_NO.
 
       ** BLOCK   9
            9 010140581   072012504001    0000476501 0000476600 
            9 010140581   072012504001    0000476601 0000476700 
            9 010140581   072083905001    0000476701 0000476800 
            9 010140581   072412798001    0000476801 0000476900 
 
       ** BLOCK   10
           10 010140581   072412798001    0000476901 0000477000 
           10 010140581   072412798001    0000477001 0000477100 
           10 010140581   072412798002    0000477101 0000477200 
           10 010140581   072412798002    0000477201 0000477300 
 
       ** BLOCK   11
           11 010140581   072412798002    0000477301 0000477400 
           11 010140646   272075548001    0000581201 0000581300 
           11 010140646   272075548001    0000581301 0000581400 
           11 010140662   273018522001    0000924951 0000925050 
 
       ** BLOCK   12
           12 010140675   852047743001    0000352801 0000352900 
           12 010140675   852047743001    0000352901 0000353000 
           12 010140675   852047743001    0000353001 0000353100 
           12 010140675   852047743001    0000353101 0000353200 
 
       ** BLOCK   13
           13 010140675   852047743001    0000353201 0000353300 
           13 010140675   852047743001    0000353301 0000353400 
           13 010140675   852047743001    0000353401 0000353500 
           13 010140675   852047743001    0000353501 0000353600 
 
       ** BLOCK   14
           14 010140675   852047743001    0000353601 0000353700 
           14 010140675   852047743001    0000353701 0000353800 
           14 010140714   213387771002    0000716101 0000716200 
           14 010140714   213387771002    0000716201 0000716300 
 
       ** BLOCK   15
           15 010140714   213387771002    0000716301 0000716400 
           15 010140714   213387771002    0000716401 0000716500 
           15 010140714   213387771002    0000716501 0000716600 
           15 010140727   162019023001    0000723651 0000723750 
 
       ** BLOCK   16
           16 010140727   162019023001    0000723751 0000723850 
           16 010140727   162019023001    0000723851 0000723950 
           16 010140727   162019023001    0000723951 0000724050 
           16 010140727   162019023001    0000724051 0000724150 


        Page No.     3
        05/30/2014
                     SBTC - SUMMARY OF BLOCK - COMMERCIAL

            RUSH, CANCELLED AND HOLD PRINT JOBS SHOULD ALWAYS HAVE
                   AN ATTACHED MEMO OR EMAIL FROM THE BANK!!!

        BLOCK RT_NO     M ACCT_NO         START_NO.  END_NO.
 
       ** BLOCK   17
           17 010140727   162019023001    0000724151 0000724250 
           17 010140727   162019023001    0000724251 0000724350 
           17 010140727   162019023001    0000724351 0000724450 
           17 010140727   162019023001    0000724451 0000724550 
 
       ** BLOCK   18
           18 010140727   162019023001    0000724551 0000724650 
           18 010140743   503036950001    0000767201 0000767300 
           18 010140824   711025397001    0000458501 0000458600 
           18 010140824   711025397001    0000458601 0000458700 
 
       ** BLOCK   19
           19 010140824   711025397001    0000458701 0000458800 
           19 010140824   711025397001    0000458801 0000458900 
           19 010140824   711025397001    0000458901 0000459000 
           19 010140882   333041843001    0000366501 0000366600 
 
       ** BLOCK   20
           20 010141292   000000042071    0000000701 0000000800 
           20 010141292   000000042071    0000000801 0000000900 
           20 010141412   000000399093    0000005601 0000005700 
           20 010141412   000000399093    0000005701 0000005800 
 
       ** BLOCK   21
           21 010141412   000000399093    0000005801 0000005900 
           21 010141412   000000399093    0000005901 0000006000 
           21 020140076   374035335001    0000199801 0000199900 
           21 020140076   374035335001    0000199901 0000200000 
 
       ** BLOCK   22
           22 020140076   374035335001    0000200001 0000200100 
           22 020140076   374035335001    0000200101 0000200200 
           22 020140076   374035335001    0000200201 0000200300 
           22 020140076   374035335001    0000200301 0000200400 
 
       ** BLOCK   23
           23 020140076   374035335001    0000200401 0000200500 
           23 020140076   374035335001    0000200501 0000200600 
           23 020140076   374035335001    0000200601 0000200700 
           23 020140076   374035335001    0000200701 0000200800 
 
       ** BLOCK   24
           24 060140010   000000142145    0001144901 0001145000 
           24 060140010   000000142145    0001145001 0001145100 
           24 060140010   000000142145    0001145101 0001145200 
           24 060140010   081044499001    0001145201 0001145300 


        Page No.     4
        05/30/2014
                     SBTC - SUMMARY OF BLOCK - COMMERCIAL

            RUSH, CANCELLED AND HOLD PRINT JOBS SHOULD ALWAYS HAVE
                   AN ATTACHED MEMO OR EMAIL FROM THE BANK!!!

        BLOCK RT_NO     M ACCT_NO         START_NO.  END_NO.
 
       ** BLOCK   25
           25 100140035   000000017154    0000137801 0000137900 
           25 100140035   000000017154    0000137901 0000138000 
           25 100140035   000000017154    0000138001 0000138100 
           25 100140048   000000133593    0000007901 0000008000 
 
       ** BLOCK   26
           26 240140018   411338845003    0000822501 0000822600 
           26 240140018   411338845003    0000822601 0000822700 
           26 240140018   411338845003    0000822701 0000822800 
           26 240140018   411338845003    0000822801 0000822900 
 
       ** BLOCK   27
           27 240140018   411338845003    0000822901 0000823000 
           27 410140042   814042599001    0000251501 0000251600 
           27 410140042   814042599001    0000251601 0000251700 
           27 410140042   814042599001    0000251701 0000251800 
 
       ** BLOCK   28
           28 410140042   814042599001    0000251801 0000251900 
           28 410140042   814042599001    0000251901 0000252000 
           28 410140042   814042599001    0000252001 0000252100 
           28 410140042   814042599001    0000252101 0000252200 
 
       ** BLOCK   29
           29 410140042   814042599001    0000252201 0000252300 
           29 410140042   814042599001    0000252301 0000252400 
           29 410140042   814042599001    0000252401 0000252500 
