
        Page No.     1
        05/30/2014
                      SBTC - SUMMARY OF BLOCK - PERSONAL

            RUSH, CANCELLED AND HOLD PRINT JOBS SHOULD ALWAYS HAVE
                   AN ATTACHED MEMO OR EMAIL FROM THE BANK!!!

        BLOCK RT_NO     M ACCT_NO         START_NO.  END_NO.
 
       ** BLOCK   1
            1 010140015   000000525455    2106601    2106650 
            1 010140015   061232035003    2106651    2106700 
            1 010140044   000000029445    0625501    0625550 
            1 010140044   000000337637    0625551    0625600 
 
       ** BLOCK   2
            2 010140044   161030637001    0625601    0625650 
            2 010140044   161030637001    0625651    0625700 
            2 010140044   161030637001    0625701    0625750 
            2 010140044   161030637001    0625751    0625800 
 
       ** BLOCK   3
            3 010140044   161030637001    0625801    0625850 
            3 010140044   161471044001    0625851    0625900 
            3 010140044   161471044001    0625901    0625950 
            3 010140044   161471044001    0625951    0626000 
 
       ** BLOCK   4
            4 010140044   161471044001    0626001    0626050 
            4 010140044   161471044001    0626051    0626100 
            4 010140044   161478374089    0626101    0626150 
            4 010140044   161525001139    0626151    0626200 
 
       ** BLOCK   5
            5 010140109   171197706002    1142051    1142100 
            5 010140109   171197706002    1142101    1142150 
            5 010140109   171661846001    1142151    1142200 
            5 010140167   271192707006    0597701    0597750 
 
       ** BLOCK   6
            6 010140167   271518087001    0597751    0597800 
            6 010140196   121238845001    0343001    0343050 
            6 010140206   351367584001    0528201    0528250 
            6 010140235   321336040001    0517951    0518000 
 
       ** BLOCK   7
            7 010140235   321336040001    0518001    0518050 
            7 010140235   321597544001    0518051    0518100 
            7 010140303   441464115001    0533651    0533700 
            7 010140332   471400801001    0594891    0594940 
 
       ** BLOCK   8
            8 010140332   471400801001    0594941    0594990 
            8 010140332   471400801001    0594991    0595040 
            8 010140345   521238265001    1533451    1533500 
            8 010140345   521238265001    1533501    1533550 


        Page No.     2
        05/30/2014
                      SBTC - SUMMARY OF BLOCK - PERSONAL

            RUSH, CANCELLED AND HOLD PRINT JOBS SHOULD ALWAYS HAVE
                   AN ATTACHED MEMO OR EMAIL FROM THE BANK!!!

        BLOCK RT_NO     M ACCT_NO         START_NO.  END_NO.
 
       ** BLOCK   9
            9 010140345   521238302001    1533551    1533600 
            9 010140345   521238302001    1533601    1533650 
            9 010140400   000000574583    0319651    0319700 
            9 010140565   322539535001    0439951    0440000 
 
       ** BLOCK   10
           10 010140565   322539535001    0440001    0440050 
           10 010140581   072504630001    0729251    0729300 
           10 010140662   000001686462    0632251    0632300 
           10 010140662   000001686462    0632301    0632350 
 
       ** BLOCK   11
           11 010140675   000001491896    0510551    0510600 
           11 010140675   000001491903    0510601    0510650 
           11 010140714   213161554001    0491951    0492000 
           11 010140756   000001276233    0690551    0690600 
 
       ** BLOCK   12
           12 010140756   686035938001    0690601    0690650 
           12 010140756   686035938001    0690651    0690700 
           12 010140756   686035938001    0690701    0690750 
           12 010140772   602332279002    0764701    0764750 
 
       ** BLOCK   13
           13 010140772   602396293001    0764751    0764800 
           13 010140772   602396293001    0764801    0764850 
           13 010140772   602396293001    0764851    0764900 
           13 010140772   602396293001    0764901    0764950 
 
       ** BLOCK   14
           14 010140772   602396293001    0764951    0765000 
           14 010140772   602396293001    0765001    0765050 
           14 010140772   602396293001    0765051    0765100 
           14 010140772   602396293001    0765101    0765150 
 
       ** BLOCK   15
           15 010140772   602396293001    0765151    0765200 
           15 010140772   602396293001    0765201    0765250 
           15 010140772   602396506002    0765251    0765300 
           15 010140772   602415232037    0765301    0765350 
 
       ** BLOCK   16
           16 010140824   000000521822    0384001    0384050 
           16 010140840   000001213654    0346201    0346250 
           16 010140882   333315935001    0400001    0400050 
           16 010140882   333315935001    0400051    0400100 


        Page No.     3
        05/30/2014
                      SBTC - SUMMARY OF BLOCK - PERSONAL

            RUSH, CANCELLED AND HOLD PRINT JOBS SHOULD ALWAYS HAVE
                   AN ATTACHED MEMO OR EMAIL FROM THE BANK!!!

        BLOCK RT_NO     M ACCT_NO         START_NO.  END_NO.
 
       ** BLOCK   17
           17 010140882   333315935001    0400101    0400150 
           17 010140882   333315935001    0400151    0400200 
           17 010140882   333315935001    0400201    0400250 
           17 010140882   333315935001    0400251    0400300 
 
       ** BLOCK   18
           18 010140882   333315935001    0400301    0400350 
           18 010140882   333315935001    0400351    0400400 
           18 010140882   333315935001    0400401    0400450 
           18 010140882   333315935001    0400451    0400500 
 
       ** BLOCK   19
           19 010140905   000000999528    0029201    0029250 
           19 010140905   000000999562    0029251    0029300 
           19 010140905   000000999642    0029301    0029350 
           19 010140905   000000999682    0029351    0029400 
 
       ** BLOCK   20
           20 010141030   663752531001    0012651    0012700 
           20 010141056   000001291054    0007651    0007700 
           20 010141056   000001291054    0007701    0007750 
           20 010141056   110478374013    0007751    0007800 
 
       ** BLOCK   21
           21 010141085   000000005778    0008851    0008900 
           21 010141137   022790042001    0002801    0002850 
           21 010141140   000001280331    0008251    0008300 
           21 010141195   000000490813    0004001    0004050 
 
       ** BLOCK   22
           22 010141221   000001236231    0003501    0003550 
           22 010141234   000000044802    0006701    0006750 
           22 010141234   000001017769    0006751    0006800 
           22 010141263   000001485332    0005551    0005600 
 
       ** BLOCK   23
           23 010141289   000000007514    0009201    0009250 
           23 010141289   000000007514    0009251    0009300 
           23 010141289   000001056360    0009301    0009350 
           23 010141292   000000042019    0002801    0002850 
 
       ** BLOCK   24
           24 010141292   000001313717    0002851    0002900 
           24 010141344   000001472782    0007001    0007050 
           24 010141344   000001472782    0007051    0007100 
           24 010141344   000001472782    0007101    0007150 


        Page No.     4
        05/30/2014
                      SBTC - SUMMARY OF BLOCK - PERSONAL

            RUSH, CANCELLED AND HOLD PRINT JOBS SHOULD ALWAYS HAVE
                   AN ATTACHED MEMO OR EMAIL FROM THE BANK!!!

        BLOCK RT_NO     M ACCT_NO         START_NO.  END_NO.
 
       ** BLOCK   25
           25 010141344   000001472782    0007151    0007200 
           25 010141344   000001472782    0007201    0007250 
           25 010141357   000001069483    0002751    0002800 
           25 010141386   000001911382    0002101    0002150 
 
       ** BLOCK   26
           26 010141412   000000649025    0006151    0006200 
           26 010141412   000000875594    0006201    0006250 
           26 010141412   000001751377    0006251    0006300 
           26 010141412   000001751377    0006301    0006350 
 
       ** BLOCK   27
           27 010141412   000001751388    0006351    0006400 
           27 020140092   375036567001    0064951    0065000 
           27 020140092   375036567001    0065001    0065050 
           27 020140092   375036567001    0065051    0065100 
 
       ** BLOCK   28
           28 020140092   375036567001    0065101    0065150 
           28 020140092   375036567001    0065151    0065200 
           28 020140092   375036567001    0065201    0065250 
           28 020140092   375036567001    0065251    0065300 
 
       ** BLOCK   29
           29 020140092   375036567001    0065301    0065350 
           29 020140092   375036567001    0065351    0065400 
           29 020140092   375036567001    0065401    0065450 
           29 050140017   481043466001    0498951    0499000 
 
       ** BLOCK   30
           30 050140017   481043466001    0499001    0499050 
           30 050140017   481043466001    0499051    0499100 
           30 050140017   481717828001    0499101    0499150 
           30 060140010   000001442791    0579951    0580000 
 
       ** BLOCK   31
           31 060140010   000001442808    0580001    0580050 
           31 060140010   000001442808    0580051    0580100 
           31 060140010   081318637001    0580101    0580150 
           31 090140022   000000425045    0012201    0012250 
 
       ** BLOCK   32
           32 110140012   000001547291    0076901    0076950 
           32 110140012   313542847001    0076951    0077000 
           32 110140012   313542847001    0077001    0077050 
           32 110140012   313542847001    0077051    0077100 


        Page No.     5
        05/30/2014
                      SBTC - SUMMARY OF BLOCK - PERSONAL

            RUSH, CANCELLED AND HOLD PRINT JOBS SHOULD ALWAYS HAVE
                   AN ATTACHED MEMO OR EMAIL FROM THE BANK!!!

        BLOCK RT_NO     M ACCT_NO         START_NO.  END_NO.
 
       ** BLOCK   33
           33 110140012   313542847001    0077101    0077150 
           33 110140012   313542847001    0077151    0077200 
           33 110140012   313542847001    0077201    0077250 
           33 110140012   313542847001    0077251    0077300 
 
       ** BLOCK   34
           34 110140012   313542847001    0077301    0077350 
           34 110140012   313542847001    0077351    0077400 
           34 110140012   313542847001    0077401    0077450 
           34 120140015   421257377001    0609551    0609600 
 
       ** BLOCK   35
           35 120140015   421257377001    0609601    0609650 
           35 120140015   421257377001    0609651    0609700 
           35 120140015   421257377001    0609701    0609750 
           35 120140015   421257377001    0609751    0609800 
 
       ** BLOCK   36
           36 120140015   421257377001    0609801    0609850 
           36 130140021   000000983815    0370751    0370800 
           36 130140034   000001415612    0436101    0436150 
           36 130140034   000001415634    0436151    0436200 
 
       ** BLOCK   37
           37 160140017   000000036502    0009001    0009050 
           37 160140017   000000421047    0009051    0009100 
           37 160140017   000000497467    0009101    0009150 
           37 160140017   000000497467    0009151    0009200 
 
       ** BLOCK   38
           38 190140029   000001363031    0974201    0974250 
           38 190140029   000001363042    0974251    0974300 
           38 190140029   000001363053    0974301    0974350 
           38 190140029   000001363053    0974351    0974400 
 
       ** BLOCK   39
           39 190140029   000001363053    0974401    0974450 
           39 190140029   000001363053    0974451    0974500 
           39 190140029   000001363053    0974501    0974550 
           39 190140029   000001363053    0974551    0974600 
 
       ** BLOCK   40
           40 190140029   000001363053    0974601    0974650 
           40 190140029   000001363053    0974651    0974700 
           40 190140029   000001363053    0974701    0974750 
           40 190140029   000001363053    0974751    0974800 


        Page No.     6
        05/30/2014
                      SBTC - SUMMARY OF BLOCK - PERSONAL

            RUSH, CANCELLED AND HOLD PRINT JOBS SHOULD ALWAYS HAVE
                   AN ATTACHED MEMO OR EMAIL FROM THE BANK!!!

        BLOCK RT_NO     M ACCT_NO         START_NO.  END_NO.
 
       ** BLOCK   41
           41 190140029   000001363064    0974801    0974850 
           41 190140029   261692693001    0974851    0974900 
           41 240140018   000000428033    0638801    0638850 
           41 240140018   000000826233    0638851    0638900 
 
       ** BLOCK   42
           42 240140018   000001676980    0638901    0638950 
           42 240140018   000001676991    0638951    0639000 
           42 240140018   000001677001    0639001    0639050 
           42 240140018   411023998002    0639051    0639100 
 
       ** BLOCK   43
           43 240140018   411023998002    0639101    0639150 
           43 240140018   411023998002    0639151    0639200 
           43 240140018   411042912088    0639201    0639250 
           43 240140018   411042912088    0639251    0639300 
 
       ** BLOCK   44
           44 240140018   411478374039    0639301    0639350 
           44 240140018   411478374054    0639351    0639400 
           44 240140018   411561848001    0639401    0639450 
           44 240140018   411623548001    0639451    0639500 
 
       ** BLOCK   45
           45 240140018   411623548001    0639501    0639550 
           45 240140018   411623548001    0639551    0639600 
           45 240140018   411688592001    0639601    0639650 
           45 240140018   411688592001    0639651    0639700 
 
       ** BLOCK   46
           46 260140027   000000561551    0048451    0048500 
           46 260140027   302698462001    0048501    0048550 
           46 280140023   000000937606    0007651    0007700 
           46 300140013   000001271534    0039901    0039950 
 
       ** BLOCK   47
           47 300140013   000001271545    0039951    0040000 
           47 300140013   230687368088    0040001    0040050 
           47 300140013   230687368088    0040051    0040100 
           47 300140013   230687368088    0040101    0040150 
 
       ** BLOCK   48
           48 300140013   230687368088    0040151    0040200 
           48 300140013   230687368088    0040201    0040250 
           48 300140013   230687368088    0040251    0040300 
           48 300140013   230687368088    0040301    0040350 


        Page No.     7
        05/30/2014
                      SBTC - SUMMARY OF BLOCK - PERSONAL

            RUSH, CANCELLED AND HOLD PRINT JOBS SHOULD ALWAYS HAVE
                   AN ATTACHED MEMO OR EMAIL FROM THE BANK!!!

        BLOCK RT_NO     M ACCT_NO         START_NO.  END_NO.
 
       ** BLOCK   49
           49 300140013   230687368088    0040351    0040400 
           49 300140013   230687368088    0040401    0040450 
           49 300140013   230687368088    0040451    0040500 
           49 300140013   230767566021    0040501    0040550 
 
       ** BLOCK   50
           50 300140013   230767566021    0040551    0040600 
           50 310140016   000001792101    0400301    0400350 
           50 310140016   221220177001    0400351    0400400 
           50 310140016   221220177001    0400401    0400450 
 
       ** BLOCK   51
           51 310140087   000001146430    0002501    0002550 
           51 410140039   000001732485    0274651    0274700 
           51 410140042   814478374174    0480151    0480200 
           51 410140042   814480121001    0480201    0480250 
 
       ** BLOCK   52
           52 410140042   814480121001    0480251    0480300 
           52 410140042   814520766094    0480301    0480350 
           52 410140055   000000981831    0041101    0041150 
           52 550140012   410094343001    0076501    0076550 
