
        Page No.     1
        06/11/2014
                       SBTC - SUMMARY OF BLOCK - PERSONAL
                               STARTER 10 PIECES

            RUSH, CANCELLED AND HOLD PRINT JOBS SHOULD ALWAYS HAVE
                   AN ATTACHED MEMO OR EMAIL FROM THE BANK!!!

        BLOCK RT_NO     M ACCT_NO       START_NO.  END_NO.
 
       ** BLOCK   1
            1 200140029   000001973679    0052301    0052350 
            1 200140029   000001973680    0052351    0052400 
            1 200140029   000001973691    0052401    0052450 
            1 200140029   000001973704    0052451    0052500 
 
       ** BLOCK   2
            2 200140029   000001973715    0052501    0052550 
            2 200140029   000001973726    0052551    0052600 
            2 200140029   000001973737    0052601    0052650 
            2 200140029   000001973748    0052651    0052700 
 
       ** BLOCK   3
            3 200140029   000001973759    0052701    0052750 
            3 200140029   000001973760    0052751    0052800 
            3 200140029   000001973771    0052801    0052850 
            3 200140029   000001973782    0052851    0052900 
 
       ** BLOCK   4
            4 200140029   000001973793    0052901    0052950 
            4 200140029   000001973806    0052951    0053000 
            4 200140029   000001973817    0053001    0053050 
            4 200140029   000001973828    0053051    0053100 
 
       ** BLOCK   5
            5 200140029   000001973839    0053101    0053150 
            5 200140029   000001973840    0053151    0053200 
            5 200140029   000001973851    0053201    0053250 
            5 200140029   000001973862    0053251    0053300 
 
       ** BLOCK   6
            6 200140029   000001973873    0053301    0053350 
            6 200140029   000001973880    0053351    0053400 
            6 200140029   000001973891    0053401    0053450 
            6 200140029   000001973908    0053451    0053500 
 
       ** BLOCK   7
            7 200140029   000001973919    0053501    0053550 
            7 200140029   000001973920    0053551    0053600 
            7 200140029   000001973931    0053601    0053650 
            7 200140029   000001973942    0053651    0053700 
 
       ** BLOCK   8
            8 200140029   000001973953    0053701    0053750 
            8 200140029   000001973960    0053751    0053800 
            8 200140029   000001973971    0053801    0053850 
            8 200140029   000001973982    0053851    0053900 


        Page No.     2
        06/11/2014
                       SBTC - SUMMARY OF BLOCK - PERSONAL
                               STARTER 50 PIECES

            RUSH, CANCELLED AND HOLD PRINT JOBS SHOULD ALWAYS HAVE
                   AN ATTACHED MEMO OR EMAIL FROM THE BANK!!!

        BLOCK RT_NO     M ACCT_NO       START_NO.  END_NO.
 
       ** BLOCK   9
            9 200140029   000001973993    0053901    0053950 
            9 200140029   000001974007    0053951    0054000 
            9 200140029   000001974018    0054001    0054050 
            9 200140029   000001974029    0054051    0054100 
 
       ** BLOCK   10
           10 200140029   000001974030    0054101    0054150 
           10 200140029   000001974041    0054151    0054200 
           10 200140029   000001974052    0054201    0054250 
           10 200140029   000001974063    0054251    0054300 
 
       ** BLOCK   11
           11 200140029   000001974070    0054301    0054350 
           11 200140029   000001974081    0054351    0054400 
           11 200140029   000001974092    0054401    0054450 
           11 200140029   000001974109    0054451    0054500 
 
       ** BLOCK   12
           12 200140029   000001974110    0054501    0054550 
           12 200140029   000001974121    0054551    0054600 
           12 200140029   000001974132    0054601    0054650 
           12 200140029   000001974143    0054651    0054700 
 
       ** BLOCK   13
           13 200140029   000001974150    0054701    0054750 
           13 200140029   000001974161    0054751    0054800 
