
        Page No. 1
        Jul. 16, 2018
                   SBTC - SUMMARY OF BLOCK - PERSONAL
                                Pre-Encoded
                Basestock =  --> 

    Starting Batch 02042016, New MICR Alignment of NCDSS is 15-54 ! ! !

        BLOCK RT_NO     M ACCT_NO         START_NO.  END_NO.


       ** BLOCK 1
            1 010140905   000019341796    0119351    0119400 
            1 010140905   000019341803    0119401    0119450 
            1 010140905   000019341810    0119451    0119500 
            1 010140905   000019341821    0119501    0119550 

       ** BLOCK 2
            2 010140905   000019341832    0119551    0119600 
            2 010140905   000019341843    0119601    0119650 
            2 010140905   000019341854    0119651    0119700 
            2 010140905   000019341865    0119701    0119750 

       ** BLOCK 3
            3 010140905   000019341876    0119751    0119800 
            3 010140905   000019341887    0119801    0119850 
            3 010140905   000019341898    0119851    0119900 
            3 010140905   000019341901    0119901    0119950 

       ** BLOCK 4
            4 010140905   000019341912    0119951    0120000 
            4 010140905   000019341923    0120001    0120050 
            4 010140905   000019341934    0120051    0120100 
            4 010140905   000019341945    0120101    0120150 

       ** BLOCK 5
            5 010140905   000019341956    0120151    0120200 
            5 010140905   000019341967    0120201    0120250 
            5 010140905   000019341978    0120251    0120300 
            5 010140905   000019341989    0120301    0120350 

       ** BLOCK 6
            6 010140905   000019341990    0120351    0120400 
            6 010140905   000019342000    0120401    0120450 
            6 010140905   000019342011    0120451    0120500 
            6 010140905   000019342022    0120501    0120550 

       ** BLOCK 7
            7 010140905   000019342033    0120551    0120600 
            7 010140905   000019342044    0120601    0120650 
            7 010140905   000019342055    0120651    0120700 
            7 010140905   000019342066    0120701    0120750 

       ** BLOCK 8
            8 010140905   000019342077    0120751    0120800 
            8 010140905   000019342088    0120801    0120850 
            8 100140035   000019340399    0177101    0177150 
            8 100140035   000019340402    0177151    0177200 

    13CP0713                                     DLVR: 07-19(THU)


    PA = 80                 SB0716P.txt
    CA = 

    Prepared By : ANGIE
    Updated By  : ANGIE
    Time Start  : 12:14
    Time Fnished:                                              RECHECKED BY:  
    File Rcvd   :


        Page No. 2
        Jul. 16, 2018
                   SBTC - SUMMARY OF BLOCK - PERSONAL
                                Pre-Encoded
                Basestock =  --> 

    Starting Batch 02042016, New MICR Alignment of NCDSS is 15-54 ! ! !

        BLOCK RT_NO     M ACCT_NO         START_NO.  END_NO.


       ** BLOCK 9
            9 100140035   000019340413    0177201    0177250 
            9 100140035   000019340424    0177251    0177300 
            9 100140035   000019340435    0177301    0177350 
            9 100140035   000019340446    0177351    0177400 

       ** BLOCK 10
           10 100140035   000019340457    0177401    0177450 
           10 100140035   000019340468    0177451    0177500 
           10 100140035   000019340479    0177501    0177550 
           10 100140035   000019340480    0177551    0177600 

       ** BLOCK 11
           11 100140035   000019340491    0177601    0177650 
           11 100140035   000019340504    0177651    0177700 
           11 100140035   000019340515    0177701    0177750 
           11 100140035   000019340526    0177751    0177800 

       ** BLOCK 12
           12 100140035   000019340537    0177801    0177850 
           12 100140035   000019340548    0177851    0177900 
           12 100140035   000019340559    0177901    0177950 
           12 100140035   000019340560    0177951    0178000 

       ** BLOCK 13
           13 100140035   000019340571    0178001    0178050 
           13 100140035   000019340582    0178051    0178100 
           13 100140035   000019340593    0178101    0178150 
           13 100140035   000019340606    0178151    0178200 

       ** BLOCK 14
           14 100140035   000019340617    0178201    0178250 
           14 100140035   000019340628    0178251    0178300 
           14 100140035   000019340639    0178301    0178350 
           14 100140035   000019340640    0178351    0178400 

       ** BLOCK 15
           15 100140035   000019340651    0178401    0178450 
           15 100140035   000019340662    0178451    0178500 
           15 100140035   000019340673    0178501    0178550 
           15 100140035   000019340680    0178551    0178600 

       ** BLOCK 16
           16 310140016   000019340195    0497851    0497900 
           16 310140016   000019340202    0497901    0497950 
           16 310140016   000019340213    0497951    0498000 
           16 310140016   000019340220    0498001    0498050 


        Page No. 3
        Jul. 16, 2018
                   SBTC - SUMMARY OF BLOCK - PERSONAL
                                Pre-Encoded
                Basestock =  --> 

    Starting Batch 02042016, New MICR Alignment of NCDSS is 15-54 ! ! !

        BLOCK RT_NO     M ACCT_NO         START_NO.  END_NO.


       ** BLOCK 17
           17 310140016   000019340231    0498051    0498100 
           17 310140016   000019340242    0498101    0498150 
           17 310140016   000019340253    0498151    0498200 
           17 310140016   000019340264    0498201    0498250 

       ** BLOCK 18
           18 310140016   000019340275    0498251    0498300 
           18 310140016   000019340286    0498301    0498350 
           18 310140016   000019340297    0498351    0498400 
           18 310140016   000019340300    0498401    0498450 

       ** BLOCK 19
           19 310140016   000019340311    0498451    0498500 
           19 310140016   000019340322    0498501    0498550 
           19 310140016   000019340333    0498551    0498600 
           19 310140016   000019340344    0498601    0498650 

       ** BLOCK 20
           20 310140016   000019340355    0498651    0498700 
           20 310140016   000019340366    0498701    0498750 
           20 310140016   000019340377    0498751    0498800 
           20 310140016   000019340388    0498801    0498850 
